3804 24952 
9900 4204 
6700 7318 
15429 21460 
31047 3445 
5142 4788 
11503 7895 
5407 17360 
19229 24675 
10823 24684 
13415 30610 
22552 7679 
28022 4716 
27905 31848 
16118 17935 
10731 8324 
24127 12310 
17180 4684 
25965 8951 
16270 22733 
18798 6860 
1762 5446 
18654 12508 
23627 10736 
32412 16772 
5884 10275 
22296 31022 
7826 13446 
8069 548 
3158 18220 
16963 5675 
20498 10417 
988 17423 
22921 19548 
14368 18991 
3481 10916 
28433 31857 
14410 1634 
1381 17678 
15146 4670 
21620 27827 
26963 15095 
29124 30666 
22752 28221 
1584 2974 
27478 3342 
16654 30540 
27919 21379 
19383 10683 
28014 24391 
26102 3715 
22564 8417 
31752 353 
24978 27456 
4863 16502 
1740 7 
22618 752 
13196 26164 
30208 6869 
5849 3061 
929 19903 
18671 11116 
2777 22893 
9069 9610 
4993 26185 
3733 1280 
4531 31506 
3299 7837 
22300 23028 
30738 19310 
21888 2177 
12541 1067 
4163 8482 
30144 13441 
3846 28074 
10195 28694 
31624 12259 
1456 18953 
20751 26104 
14847 27391 
9144 17892 
9265 8424 
2633 7167 
25754 1695 
7465 11785 
92 2284 
18742 15651 
24421 31041 
25981 15933 
30986 3583 
3786 25012 
14792 8911 
17466 2033 
1773 17195 
7207 18927 
17159 997 
10436 18894 
22538 28649 
18428 4227 
4672 20351 
8768 21277 
337 22602 
2051 4853 
8867 24508 
11733 10588 
19106 30825 
31523 28808 
6260 30247 
14284 24706 
14820 11193 
24763 8202 
25421 20510 
19483 13954 
8593 22684 
2431 15639 
4638 14274 
4808 8816 
5966 22738 
28291 19795 
19825 23041 
21680 10210 
22268 30522 
15084 24074 
3190 18986 
25915 24324 
14039 31584 
13490 31443 
14661 15260 
28000 16854 
28935 23391 
4374 7572 
6383 6654 
13465 28448 
10053 19612 
24877 22655 
27588 18573 
9269 13214 
9455 3012 
25369 6796 
23148 28927 
24966 18899 
1072 21678 
9302 3789 
25643 27252 
31615 24854 
31389 8834 
435 14154 
8959 24822 
18467 7248 
12765 28850 
12652 963 
23020 1559 
11873 22757 
12490 21844 
9187 17643 
25114 13072 
14547 11868 
31131 27957 
10108 31884 
11049 1282 
28115 14124 
8591 12890 
23578 11051 
9039 7103 
2439 21313 
18069 30007 
8900 23433 
31663 17321 
22066 13496 
26495 20820 
21985 19633 
23939 29472 
32646 10047 
17199 5548 
13985 15070 
17519 9225 
23874 8886 
840 14698 
7169 26596 
21166 12762 
20922 22904 
5856 5500 
4084 9093 
4979 1224 
30911 4831 
16829 15208 
10028 13368 
16398 29305 
880 17002 
1159 25095 
11 8417 
15450 23765 
15710 27693 
8833 130 
29993 31744 
7907 14169 
22439 1753 
10568 20518 
12302 28876 
14675 15245 
13917 11275 
32527 3473 
26747 29379 
13732 13567 
7389 1857 
7139 29093 
15589 4140 
31888 27991 
13701 5125 
12898 31448 
12425 2056 
14784 24829 
4429 23497 
11405 16206 
31649 25596 
29254 1226 
23483 1017 
258 8263 
31302 30375 
16847 1365 
8131 7348 
1354 22371 
9830 16104 
29472 2121 
6658 16584 
418 30259 
10594 20639 
18511 6229 
13534 14159 
27333 4258 
12755 854 
26430 1064 
27398 26506 
17979 27297 
23015 18274 
32476 6399 
27866 3943 
23978 8643 
2795 8695 
22950 16714 
1323 19772 
1444 27393 
27242 28839 
12778 12257 
23007 11572 
23677 7550 
32127 13534 
15431 24645 
17672 2799 
1445 25201 
20148 18368 
31994 21631 
8897 14287 
1527 777 
792 30476 
7271 6402 
4226 30333 
1433 27773 
27366 11106 
3931 14126 
14925 31776 
23511 8982 
14940 22658 
1957 24282 
29252 18364 
27009 31842 
14119 6141 
16730 12152 
28438 16465 
26184 6492 
18172 28370 
24942 10560 
11734 10789 
26018 14541 
27594 24201 
14850 28410 
5047 9150 
30637 6799 
23063 562 
26872 8405 
3100 31504 
27286 19483 
30200 6109 
25935 14538 
32670 19300 
20736 22248 
9004 30472 
12216 28951 
8292 29793 
4590 26911 
29914 5240 
31470 23889 
10333 6872 
26284 12578 
26998 21506 
16475 32377 
17900 951 
19267 17502 
32575 2262 
21871 15028 
4965 14769 
1508 2556 
3557 9379 
13893 16647 
5616 3613 
2520 16850 
29131 13891 
23042 432 
24664 9596 
6778 24634 
13688 30800 
1409 901 
5678 24638 
12969 5930 
1432 20520 
12465 32503 
11220 4143 
21822 1320 
23598 15851 
13122 18194 
24559 2840 
2827 8843 
28514 24031 
3347 10526 
2740 19222 
29393 9622 
4208 15322 
16088 2890 
32661 27939 
26563 13781 
18232 22787 
18317 13040 
24030 32329 
25346 26463 
5877 25758 
31527 15075 
19616 10255 
23711 5725 
30869 18494 
1799 25175 
16015 27798 
4260 23399 
14126 18405 
6312 31955 
31286 17130 
11407 28979 
31513 5793 
15137 27580 
17178 1019 
2536 1051 
28720 24594 
8151 10733 
8239 14551 
14909 997 
5033 26476 
9974 4581 
23612 31372 
18743 12403 
22041 31835 
7220 9987 
31900 13375 
14630 14774 
24086 9834 
15434 19032 
2784 14320 
24204 27508 
22525 1872 
14266 25479 
11730 13950 
24374 32106 
24401 5302 
1868 9789 
11876 19273 
14667 16434 
11853 27117 
1752 15537 
9457 27672 
22240 32643 
24584 4629 
27336 16319 
11116 11687 
21142 4683 
12738 19250 
17639 1301 
4334 28009 
12721 12546 
20437 25282 
27877 27624 
11042 4350 
30768 19182 
23234 27694 
16682 28877 
539 11221 
7027 12964 
28903 12739 
21597 28939 
13059 31629 
30670 6749 
10575 24719 
15422 9754 
1586 19322 
3517 30889 
3114 4023 
22066 413 
21798 28637 
27379 3559 
13671 25528 
30234 12927 
31963 10591 
17426 25364 
28142 11814 
5101 15256 
14600 24868 
25415 14960 
10233 2638 
11400 9319 
25785 20008 
12409 2667 
27412 5974 
10834 27743 
15571 13374 
14194 15214 
23618 4170 
18966 2373 
24816 3399 
12433 243 
11958 8857 
4254 22813 
28455 3356 
12406 18027 
27071 908 
1433 4146 
14126 4263 
17202 18554 
4172 25887 
2106 19364 
8547 10420 
22403 4871 
22161 2791 
12832 4371 
1589 4327 
32384 15508 
12889 24392 
23801 9170 
21101 885 
9304 22391 
12905 2490 
32622 14390 
29922 31233 
1670 12633 
10645 9841 
13774 11631 
12800 3126 
19474 6538 
23020 24569 
27383 5751 
6589 15492 
17485 1706 
27793 19273 
13832 31375 
31853 9124 
28815 5155 
8869 1730 
8530 21977 
23287 2876 
7548 28656 
19430 15522 
12039 628 
28395 10299 
28737 28993 
12131 18797 
4150 21170 
1789 17770 
27749 12385 
13016 26304 
8825 17642 
5213 20141 
5768 6270 
11563 23327 
26867 22853 
25977 19828 
30892 3001 
28805 20268 
21774 12850 
10906 1757 
27785 21004 
14491 2264 
21358 18402 
227 3089 
12372 11137 
18825 27904 
12729 5976 
24631 11591 
27278 32315 
11225 18436 
4498 21900 
26753 24575 
24925 14546 
4649 32193 
15711 20252 
10964 18677 
18904 8571 
5365 24976 
21326 15638 
11001 14902 
13281 27277 
4349 5800 
23321 30541 
30171 5621 
14074 1236 
5335 31094 
31505 3272 
18771 9872 
9379 18472 
27159 12916 
8424 27313 
27093 7232 
9394 10993 
26279 13012 
4798 23160 
25222 259 
16435 24803 
21167 31680 
31982 16223 
3115 4914 
32580 22942 
20405 12404 
12580 7224 
22399 5965 
24191 14227 
19784 5074 
27433 2467 
30575 20856 
83 30662 
14306 12775 
4094 25960 
10157 30503 
7920 8925 
11867 5606 
31659 9055 
27692 2436 
25393 32761 
10890 3342 
4708 18532 
17924 10489 
25858 25078 
10625 5895 
26965 14317 
31271 4731 
14793 18279 
32748 17455 
31690 7325 
9869 5889 
5468 9709 
10010 25179 
266 21630 
557 32166 
8680 22885 
28438 30855 
6006 26940 
17514 24846 
21354 20319 
8824 12794 
6511 15613 
20567 14440 
6942 10094 
18503 31066 
4217 13381 
24673 23728 
32630 8388 
20615 9271 
23329 17775 
3802 31396 
15637 19876 
6113 12160 
14889 30261 
14309 483 
13635 9511 
20213 11636 
6511 28625 
20810 16830 
3693 11214 
29130 9594 
2331 29221 
29855 1093 
2849 2924 
7134 18038 
31630 3713 
30822 6139 
15374 4829 
9563 27653 
31894 12908 
5240 22723 
20873 13841 
5616 5941 
13916 11028 
11874 26749 
28937 18153 
6597 6950 
14488 27067 
2590 26578 
4920 16235 
17689 24104 
5775 29122 
15275 8117 
3821 5561 
4860 12222 
4162 30916 
22032 11286 
5572 12908 
11182 21533 
7026 24896 
29749 22601 
1694 16824 
7968 1434 
16599 22617 
22569 32152 
6839 14305 
24596 19590 
25121 32547 
32066 21649 
4530 388 
27748 11781 
7480 10250 
6566 18810 
8490 30771 
12008 21067 
8509 20673 
11180 1155 
3145 21476 
18299 25303 
27093 8523 
20398 30241 
26585 29098 
1450 282 
29992 22673 
15020 22561 
12131 26702 
637 22026 
10543 12047 
22111 13290 
28608 813 
26084 23351 
15549 22542 
6950 7792 
27582 23530 
1104 7621 
6347 27121 
25684 31323 
16181 27518 
8407 23509 
18056 5655 
7021 12516 
9517 2828 
16532 31985 
7851 14541 
13999 29142 
9596 32007 
7068 1499 
3715 27088 
10131 11093 
3693 14139 
22541 18509 
26443 21989 
30111 2500 
16098 17935 
23509 12092 
19527 18946 
25131 28779 
25986 16817 
8582 10231 
29718 30851 
4466 31562 
31067 28032 
7380 18633 
4561 8446 
21913 15000 
20627 14938 
23357 30082 
23138 25368 
22544 30844 
22932 1066 
11586 25213 
15021 9469 
32212 31099 
6973 855 
17616 30344 
29414 5596 
787 18443 
16528 2686 
21831 11347 
27580 29951 
27315 15329 
5228 18685 
24992 13242 
14776 26096 
32322 3443 
29117 27349 
1336 13204 
25445 14897 
15031 26151 
19642 3674 
9149 11372 
7869 14595 
9895 32180 
6550 10289 
3260 7337 
23118 3529 
11856 30007 
30019 3631 
16207 9902 
1709 9581 
16909 16509 
5295 376 
6772 6506 
13467 25448 
5033 3572 
7936 12409 
26237 23512 
15490 14033 
28433 15837 
14169 18744 
17450 23540 
17311 14335 
19184 6439 
6814 21612 
11739 16799 
4987 5954 
19878 6265 
21943 12781 
22386 17910 
22557 17706 
8994 11256 
14554 12023 
22859 12191 
31115 23776 
8224 5174 
19540 20155 
13018 5249 
25851 30997 
20300 31960 
11095 32196 
20845 8563 
14937 15357 
9405 10607 
18754 2226 
26510 18523 
29310 29406 
13406 9466 
17912 20154 
390 21826 
12982 23991 
26542 1190 
5550 18573 
25476 2771 
8705 17265 
20332 28217 
24765 7163 
24039 1747 
13462 6946 
19871 12977 
8188 5368 
25636 20234 
559 13036 
29821 28051 
6676 31849 
21208 1819 
23435 23776 
5826 14704 
1629 25932 
29041 28621 
29630 19073 
9681 10774 
14776 10406 
23553 28751 
4540 24395 
6740 23801 
25068 26833 
8626 2529 
24229 25303 
17319 4174 
29704 5266 
1108 13944 
1374 6926 
31405 20815 
4677 642 
26009 21202 
30678 30441 
21644 29244 
19939 23887 
3696 21629 
20141 4683 
4546 6284 
18843 14665 
7411 11338 
22393 31590 
9762 21444 
24827 19394 
1426 21947 
1642 16954 
22064 19862 
6488 23747 
13254 13278 
8095 31384 
1637 17308 
16563 11154 
30456 31764 
3273 31050 
30920 6996 
16174 7812 
2052 3934 
29570 13501 
21883 194 
16246 13996 
5075 17022 
16630 20932 
31381 8276 
29366 24529 
22446 13738 
32572 1262 
12279 11366 
21648 21823 
31648 31765 
26885 4329 
31590 32519 
29576 29669 
30593 29696 
20477 19069 
29092 18532 
25223 29252 
28450 20398 
2676 10901 
213 23149 
6096 5813 
4637 28623 
15560 5849 
20688 16940 
7672 9337 
11201 20452 
29462 10591 
30163 32581 
7019 22568 
12202 25861 
8104 24554 
21010 19000 
21735 27620 
12147 28589 
12958 15163 
8881 31170 
28543 15332 
17930 24803 
8044 30455 
21653 14335 
22177 17365 
9515 4969 
17543 8859 
23973 22455 
19094 19845 
4474 14668 
18912 1029 
30431 14943 
15376 18790 
14781 32370 
10906 19469 
13273 22347 
14641 26977 
30142 151 
16005 17845 
5149 5269 
20630 13949 
6474 23858 
14302 18530 
19181 16940 
28391 31182 
10190 13792 
10698 21933 
6632 10152 
23397 29001 
21796 11180 
19479 27463 
15112 13627 
6141 26841 
24564 29145 
20675 12655 
30354 2145 
2393 28747 
29246 14484 
16316 20080 
8538 5312 
27514 1682 
21635 20507 
28007 18371 
24558 25012 
14159 13008 
24593 1244 
16495 31023 
11047 27930 
15817 9154 
15605 21750 
6982 19088 
12950 25530 
23808 3570 
6149 16325 
24058 27803 
22867 32755 
21449 8504 
7576 4037 
5312 1349 
10679 32535 
22619 3613 
9561 8055 
1989 21551 
15465 15855 
13932 13183 
7097 14776 
194 30641 
12123 11512 
22874 11536 
21902 22021 
15055 6893 
26913 27862 
18125 6950 
6730 4400 
4348 30064 
1326 886 
11871 7258 
20819 25355 
8231 9466 
25966 14932 
21193 4477 
24331 12677 
12443 2495 
1482 22161 
12555 25693 
24039 438 
23527 28102 
19972 31516 
27163 10714 
55 10078 
900 24546 
16000 9634 
5014 6097 
1798 29529 
19628 19113 
29794 22178 
13297 26453 
23205 384 
30216 28685 
8607 5442 
20139 23489 
29008 26238 
31629 4611 
13659 8005 
1288 18191 
20603 7710 
7461 12472 
4415 13763 
28608 1041 
5433 14968 
31895 26334 
18462 5895 
30275 32492 
4176 29865 
10037 3207 
650 22050 
2029 1145 
8807 24429 
32707 26897 
17856 24759 
15302 12507 
9431 7209 
7471 23723 
31105 9073 
31557 30218 
19361 4851 
21108 2529 
10565 23978 
31885 21137 
3335 19969 
13403 10178 
7502 21710 
28852 28976 
15163 14612 
4456 17690 
2089 14309 
27270 2510 
7366 9546 
28816 25910 
9474 9172 
8786 31793 
28665 4586 
19257 32446 
17255 22735 
23339 15645 
26130 23199 
22249 1316 
23781 20868 
20030 20013 
17019 2985 
21329 17691 
28935 3176 
8344 6420 
27304 15476 
28926 31923 
1087 30659 
2042 9887 
21284 28979 
1382 14191 
15907 4337 
25383 18965 
22062 9182 
24735 5889 
17308 26433 
10813 31073 
8328 13609 
14704 20747 
2413 21283 
15239 10899 
221 9708 
17421 19066 
31642 20972 
10582 12077 
1614 6522 
10278 22768 
